[gd_scene load_steps=16 format=3 uid="uid://su13e3wvrvno"]

[ext_resource type="PackedScene" uid="uid://cis5cldu3ytjn" path="res://characters/BodyBase/female_mage_01.tscn" id="1_7lkc7"]
[ext_resource type="Material" uid="uid://doflqhcixppbc" path="res://art_contents/characters/Standard Assets Files/Materials/Fair Aqua.tres" id="2_j57lm"]
[ext_resource type="PackedScene" uid="uid://dxvy44skytr17" path="res://art_contents/characters/FBX/Scroll Imperial.FBX" id="3_2xr8x"]
[ext_resource type="PackedScene" uid="uid://k6c6haagt3ed" path="res://art_contents/characters/FBX/Crown Sun.FBX" id="4_a4ue6"]
[ext_resource type="PackedScene" uid="uid://brc5xbstm5j7y" path="res://characters/BodyBase/female_face.tscn" id="5_vtflf"]
[ext_resource type="PackedScene" uid="uid://b7h627s1v6u3q" path="res://characters/BodyBase/female_head_01.tscn" id="6_tdbco"]
[ext_resource type="PackedScene" uid="uid://bqjkwu7yii3fx" path="res://characters/BodyBase/female_hair_02.tscn" id="7_fequc"]
[ext_resource type="PackedScene" uid="uid://sxyvkqjevmhn" path="res://art_contents/characters/FBX/Wand Arch.FBX" id="8_8n6d4"]
[ext_resource type="AnimationLibrary" uid="uid://bditp07q1h816" path="res://art_contents/characters/Standard Assets Files/Animators and Animations/Breakdance 1990.fbx" id="9_fpjxp"]
[ext_resource type="AnimationLibrary" uid="uid://dmqxu8q5pw477" path="res://art_contents/characters/Standard Assets Files/Animators and Animations/Char@Idle.FBX" id="10_xor1w"]
[ext_resource type="AnimationLibrary" uid="uid://cyibic7xdso1x" path="res://art_contents/characters/Standard Assets Files/Animators and Animations/Char@Run Forward W Weapons In Place.FBX" id="11_uf7o6"]
[ext_resource type="AnimationLibrary" uid="uid://bbsp2kdfg0j1a" path="res://art_contents/characters/Standard Assets Files/Animators and Animations/Hip Hop Dancing.fbx" id="12_6c2xg"]

[sub_resource type="PlaneMesh" id="PlaneMesh_u3d3q"]

[sub_resource type="Animation" id="Animation_pt4m7"]
resource_name = "RotatePlayer"
length = 1.2
loop_mode = 1
tracks/0/type = "value"
tracks/0/imported = false
tracks/0/enabled = true
tracks/0/path = NodePath("Female Mage 01:rotation")
tracks/0/interp = 1
tracks/0/loop_wrap = true
tracks/0/keys = {
"times": PackedFloat32Array(0, 0.1, 0.2, 0.3, 0.4, 0.5, 0.6, 0.7, 0.8, 0.9, 1, 1.1, 1.2),
"transitions": PackedFloat32Array(1, 1, 1, 1, 1, 1, 1, 1, 1, 1, 1, 1, 1),
"update": 0,
"values": [Vector3(0, 0, 0), Vector3(0, 0.523599, 0), Vector3(0, 1.0472, 0), Vector3(0, 1.5708, 0), Vector3(0, 2.0944, 0), Vector3(0, 2.61799, 0), Vector3(0, 3.14159, 0), Vector3(0, 3.66519, 0), Vector3(0, 4.18879, 0), Vector3(0, 4.71239, 0), Vector3(0, 5.23599, 0), Vector3(0, 5.75959, 0), Vector3(0, 6.28319, 0)]
}

[sub_resource type="AnimationLibrary" id="AnimationLibrary_86yca"]
_data = {
"RotatePlayer": SubResource("Animation_pt4m7")
}

[node name="Node3D" type="Node3D"]

[node name="Female Mage 01" parent="." instance=ExtResource("1_7lkc7")]

[node name="RootNode" parent="Female Mage 01" index="0"]
transform = Transform3D(1, 0, 0, 0, 1, 0, 0, 0, 1, 0, 0, -0.683405)

[node name="Skeleton3D" parent="Female Mage 01/RootNode" index="1"]
bones/0/position = Vector3(0.00297456, 0.602217, -0.0178335)
bones/0/rotation = Quaternion(0.434397, 0.469176, 0.547284, 0.540049)
bones/1/rotation = Quaternion(0.098613, 0.992502, -0.0238356, 0.0681655)
bones/2/rotation = Quaternion(-0.128845, 0.0679446, -0.352349, 0.924464)
bones/3/rotation = Quaternion(-0.0361074, -0.0434443, 0.583634, 0.81005)
bones/4/rotation = Quaternion(-0.017399, 0.00337025, 0.392955, 0.919387)
bones/6/rotation = Quaternion(0.169899, 0.985173, -0.0135596, 0.0196292)
bones/7/rotation = Quaternion(0.0940005, -0.0760221, -0.447883, 0.885881)
bones/8/rotation = Quaternion(-0.00126062, 0.0790219, 0.574362, 0.814778)
bones/9/rotation = Quaternion(0.016728, -0.00255643, 0.43325, 0.901115)
bones/11/rotation = Quaternion(0.00373459, -0.000762436, -0.0298191, 0.999548)
bones/12/rotation = Quaternion(0.00850426, -0.00534859, 0.00822456, 0.999916)
bones/13/rotation = Quaternion(0.00813867, -0.00588988, 0.116774, 0.993108)
bones/14/rotation = Quaternion(0.00772759, -0.00641977, 0.00995314, 0.9999)
bones/15/rotation = Quaternion(-0.0615674, -0.798643, 0.0531778, 0.596281)
bones/16/rotation = Quaternion(0.132012, -0.505283, -0.143218, 0.840684)
bones/17/rotation = Quaternion(-0.0251536, -0.0129968, 0.395574, 0.917998)
bones/18/rotation = Quaternion(-0.693141, 0.0372286, 0.00786858, 0.719797)
bones/19/rotation = Quaternion(0.162276, -0.123771, -0.065402, 0.976765)
bones/20/rotation = Quaternion(-0.0197742, 0.166347, -0.0689232, 0.983457)
bones/21/rotation = Quaternion(0.0104184, 0.00806812, -0.308591, 0.951103)
bones/22/rotation = Quaternion(0.012179, 0.0267689, -0.100802, 0.994472)
bones/23/rotation = Quaternion(-0.00621653, 0.0758348, -0.357659, 0.930747)
bones/24/rotation = Quaternion(0.0123098, 0.0215823, -0.332278, 0.942853)
bones/25/rotation = Quaternion(0.0526408, 0.81005, 0.0461755, 0.582165)
bones/26/rotation = Quaternion(-0.207652, 0.417473, -0.117514, 0.876805)
bones/27/rotation = Quaternion(0.0247304, 0.0141113, 0.429457, 0.902638)
bones/28/rotation = Quaternion(0.685989, -0.040466, 0.0327066, 0.725749)
bones/29/rotation = Quaternion(-0.15098, 0.124686, -0.0712069, 0.978053)
bones/30/rotation = Quaternion(0.0269584, -0.173136, -0.0695897, 0.982066)
bones/31/rotation = Quaternion(-0.0104943, -0.00796749, -0.299475, 0.954012)
bones/32/rotation = Quaternion(-0.0127255, -0.00500933, -0.00101414, 0.999906)
bones/33/rotation = Quaternion(0.00626361, -0.0723921, -0.339462, 0.937809)
bones/34/rotation = Quaternion(-0.0125158, -0.0214634, -0.323238, 0.94599)
bones/35/rotation = Quaternion(0.0117582, -0.0143638, 0.272507, 0.961975)
bones/36/rotation = Quaternion(0.0117583, -0.0143638, -0.246372, 0.968998)

[node name="Female Mage 01" parent="Female Mage 01/RootNode/Skeleton3D" index="0"]
material_override = ExtResource("2_j57lm")

[node name="BoneBack" parent="Female Mage 01/RootNode/Skeleton3D" index="1"]
transform = Transform3D(-0.0324889, -0.121461, 0.992064, 0.982774, -0.184562, 0.00958822, 0.181933, 0.975287, 0.125365, -0.0124011, 1.07797, -0.00967981)

[node name="Scroll Imperial" parent="Female Mage 01/RootNode/Skeleton3D/BoneBack/+Back" index="0" instance=ExtResource("3_2xr8x")]
visible = false

[node name="BoneHead" parent="Female Mage 01/RootNode/Skeleton3D" index="2"]
transform = Transform3D(0.00568241, -0.0606511, 0.998143, 0.97111, -0.237794, -0.0199779, 0.238564, 0.96942, 0.0575477, -0.0164339, 1.12472, 0.0377237)

[node name="Crown Sun" parent="Female Mage 01/RootNode/Skeleton3D/BoneHead/+Head" index="0" instance=ExtResource("4_a4ue6")]
visible = false

[node name="Female Face2" parent="Female Mage 01/RootNode/Skeleton3D/BoneHead/+Head" index="1" instance=ExtResource("5_vtflf")]

[node name="Female Head 01" parent="Female Mage 01/RootNode/Skeleton3D/BoneHead/+Head" index="2" instance=ExtResource("6_tdbco")]

[node name="Female Hair 02" parent="Female Mage 01/RootNode/Skeleton3D/BoneHead/+Head" index="3" instance=ExtResource("7_fequc")]

[node name="BoneRHand" parent="Female Mage 01/RootNode/Skeleton3D" index="3"]
transform = Transform3D(-0.207678, -0.90933, -0.36053, -0.921407, 0.305602, -0.240032, 0.328449, 0.282345, -0.901334, -0.286071, 0.637931, -0.063975)

[node name="Wand Arch" parent="Female Mage 01/RootNode/Skeleton3D/BoneRHand/+RHand" index="0" instance=ExtResource("8_8n6d4")]
visible = false

[node name="RigLPlatform" parent="Female Mage 01/RootNode" index="2"]
transform = Transform3D(0.207911, 2.23517e-07, 0.978148, 0.916036, 0.350664, -0.194709, -0.343002, 0.936501, 0.0729069, 0.0574675, 0.145199, 0.517694)

[node name="RigRPlatform" parent="Female Mage 01/RootNode" index="3"]
transform = Transform3D(-0.207187, -1.19044e-05, 0.978301, 0.017469, -0.999841, 0.00368746, 0.978145, 0.017854, 0.207154, -0.0392875, 0.168542, -0.349237)

[node name="AnimationPlayer" parent="Female Mage 01" index="1"]
autoplay = "Hip Hop Dancing/mixamocom"
libraries = {
"Breakdance 1990": ExtResource("9_fpjxp"),
"Char@Idle": ExtResource("10_xor1w"),
"Char@Run Forward W Weapons In Place": ExtResource("11_uf7o6"),
"Hip Hop Dancing": ExtResource("12_6c2xg")
}

[node name="MeshInstance3D" type="MeshInstance3D" parent="Female Mage 01"]
mesh = SubResource("PlaneMesh_u3d3q")
skeleton = NodePath("../..")

[node name="Camera3D" type="Camera3D" parent="."]
transform = Transform3D(0.815552, -0.349735, 0.461043, -1.49012e-08, 0.796709, 0.604363, -0.578684, -0.492889, 0.649758, 4.52097, 6.55521, 6.49503)
projection = 1
fov = 40.0
size = 8.0
near = 0.024

[node name="DirectionalLight3D" type="DirectionalLight3D" parent="."]
transform = Transform3D(0.500166, 0, 0.865929, -0.511032, 0.80729, 0.295176, -0.699056, -0.590155, 0.403779, 5.98077, 6.18876, 0.403051)

[node name="AnimationPlayer" type="AnimationPlayer" parent="."]
autoplay = "RotatePlayer"
speed_scale = 0.1
libraries = {
"": SubResource("AnimationLibrary_86yca")
}

[editable path="Female Mage 01"]
